661293483240595457
661293483236397056
661293483303559169
661293483433566208
661293483467120641
661293482099777537
661293483462942724
661293483160924160
661293483089596416
661293482976366592
661293484066930689
661293483542482944
661293483903291396
661293484436013057
661293484423254016
661293484695879680
661293484360474628
661293483651637248
661293485291499520
661293485014675456
661293485656440833
661293485316812800
661293485220364289
661293485635543040
661293485010632705
661293484222058496
661293485593497600
661293485874630657
661293485677506560
661293485945954304
661293485560078336
661293486377865217
661293486071791616
661293486554095616
661293486302478337
661293486507995136
661293486419935232
661293487028072448
661293486524755968
661293487183138816
661293487237799936
661293487657103360
661293487896178688
661293487523000321
661293487933943808
661293487799816192
661293487430701056
661293487824982016
661293488290443264
661293488391090176
661293488135258112
661293486940020736
661293488605175808
661293488487669760
661293488831492097
661293488592527360
661293488890228736
661293487841759233
661293488575746049
661293489141903360
661293488579985412
661293488751968256
661293489410277377
661293489200701440
661293488831651844
661293489578115072
661293489947176960
661293489381052416
661293489846509568
661293489817161728
661293489624322053
661293489704030209
661293489590808576
661293489901162498
661293489460744193
661293489758556160
661293489800499200
661293490333200384
661293489322377216
661293490027012096
661293490773430272
661293490916184064
661293491255967744
661293491595689984
661293491704733698
661293491717279744
661293491981561856
661293491587309568
661293492002553857
661293491914428417
661293491847217152
661293491339796480
661293491734118401
661293492660912129
661293492618948608
661293492837195776
661293493285838848
661293492442918912
661293493269176320
661293493088841728
661293493323702273
661293493550227456
661293493101404161
661293493927718913
661293494162575364
661293494300880897
661293494531571712
661293493764141056
661293494695161856
661293494514806784
661293494674153472
661293494573600770
661293494351327233
661293494598803457
661293494472847360
661293494607200256
661293493965463552
661293494766473217
661293494095486976
661293494317649920
661293495169101824
661293494972076032
661293495538204672
661293495672442880
661293495135662080
661293495336988672
661293495592886274
661293495165059072
661293496070836224
661293496674840576
661293496641323008
661293496712757248
661293497270427648
661293497194930176
661293497505284096
661293497803124736
661293497463410692
661293495773196289
661293498004578304
661293497698373632
661293498532913152
661293498272907264
661293497669050368
661293497757147137
661293498633687040
661293498361110528
661293499191533569
661293499392892932
661293499497644032
661293499313180672
661293499476668416
661293499505991680
661293499845754880
661293499879297026
661293499690655745
661293498818240512
661293499938041857
661293499862654976
661293500193894400
661293499833167872
